8.997400000000000000e+04
9.787400000000000000e+04
9.304900000000000000e+04
9.027400000000000000e+04
9.409899999999998545e+04
9.109900000000000000e+04
1.029490000000000000e+05
9.239900000000000000e+04
9.609900000000000000e+04
9.517399999999998545e+04
9.272399999999998545e+04
9.312400000000000000e+04
8.694900000000000000e+04
9.542400000000000000e+04
8.649900000000000000e+04
8.957400000000000000e+04
9.032400000000000000e+04
9.242400000000000000e+04
9.224900000000000000e+04
9.042400000000000000e+04
9.052400000000000000e+04
8.899900000000000000e+04
9.299900000000000000e+04
8.644900000000000000e+04
9.414900000000000000e+04
8.997399999999998545e+04
1.005990000000000000e+05
9.357400000000000000e+04
9.164900000000000000e+04
9.082400000000000000e+04
9.379900000000000000e+04
9.352400000000000000e+04
9.789900000000000000e+04
8.844900000000000000e+04
8.954900000000000000e+04
8.792400000000000000e+04
9.467399999999998545e+04
9.444900000000000000e+04
8.822400000000000000e+04
9.254900000000000000e+04
8.807400000000000000e+04
9.094899999999998545e+04
8.972400000000000000e+04
9.374899999999998545e+04
9.242400000000000000e+04
8.989900000000000000e+04
9.294900000000000000e+04
9.189900000000000000e+04
9.514900000000000000e+04
9.652400000000000000e+04
9.304900000000000000e+04
9.177400000000000000e+04
9.289900000000000000e+04
8.882400000000000000e+04
9.259900000000000000e+04
9.844899999999998545e+04
9.119900000000000000e+04
1.002240000000000000e+05
9.692400000000000000e+04
9.312400000000000000e+04
9.184899999999998545e+04
1.010490000000000000e+05
9.522400000000000000e+04
9.187400000000000000e+04
9.672400000000000000e+04
9.637400000000000000e+04
9.199900000000000000e+04
9.057400000000000000e+04
9.199900000000000000e+04
9.424899999999998545e+04
9.092400000000000000e+04
9.182400000000000000e+04
9.077400000000000000e+04
9.437400000000000000e+04
9.567400000000000000e+04
9.462400000000000000e+04
9.159900000000000000e+04
9.482400000000000000e+04
9.452400000000000000e+04
8.954900000000000000e+04
9.299899999999998545e+04
9.482399999999998545e+04
8.999900000000000000e+04
9.029900000000000000e+04
9.424900000000000000e+04
9.747400000000000000e+04
9.757399999999998545e+04
8.892400000000000000e+04
9.762399999999998545e+04
9.369900000000000000e+04
9.064900000000000000e+04
9.404900000000000000e+04
9.282400000000000000e+04
9.517399999999998545e+04
9.372400000000000000e+04
9.217400000000000000e+04
8.949900000000000000e+04
8.927400000000000000e+04
9.194900000000000000e+04
9.242400000000000000e+04
