6.657482780212899520e+00
6.669223544145271632e+00
1.256308703819661687e+01
7.138854101440200495e+00
6.348309329993738537e+00
1.035190983093299799e+01
1.520867251095804562e+01
5.017689417658109718e+00
2.350156543519098307e+01
8.038979336255478003e+00
1.192125860989354891e+01
9.952723857232310678e+00
7.483249843456479589e+00
1.388196618659987180e+01
1.558829054477144638e+01
1.290356919223544097e+01
9.768785222291796799e+00
7.287570444583593599e+00
1.720460237946149107e+01
8.352066374452098430e+00
1.028146524733875822e+01
9.741390106449594910e+00
1.503256105197244707e+01
1.405025046963055857e+01
1.320882905447714428e+01
1.540435190983093250e+01
8.172041327489040441e+00
1.387805259862241414e+01
1.754899812147777283e+01
2.196352536005009171e+01
7.995929868503442783e+00
1.381152160300563381e+01
1.075109580463368530e+01
7.995929868503443672e+00
4.677207263619284738e+00
1.656668753913588077e+01
7.029273638071384056e+00
7.177989981214777160e+00
1.358453350031308560e+01
9.667031934877895694e+00
1.226565435190982889e+01
1.074326862867877352e+01
1.895788979336255409e+01
1.156512210394489770e+01
1.004273638071383878e+01
1.172166562304320614e+01
1.340842204132748883e+01
1.610488415779586546e+01
1.135770194113963782e+01
6.148716343143393992e+00
1.859783969943644166e+01
1.452379461490294155e+01
1.248090169067000410e+01
1.353365685660613416e+01
1.821822166562304091e+01
1.870350657482780221e+01
1.778772698810269048e+01
8.465560425798372535e+00
1.052019411396368120e+01
7.334533500313086485e+00
1.230479023168440911e+01
7.162335629304946494e+00
9.166092673763305498e+00
1.273137132122730009e+01
1.257091421415153398e+01
8.046806512210393336e+00
6.755322479649342959e+00
7.440200375704445257e+00
6.457889793362554975e+00
1.195256731371320846e+01
7.127113337507827495e+00
9.498747651847212481e+00
9.530056355666875589e+00
9.455698184095178149e+00
6.387445209768316090e+00
1.749420788979336194e+01
8.046806512210395113e+00
1.213650594865372767e+01
1.337711333750782572e+01
3.972761427676894552e+00
1.664495929868503765e+01
1.082154038822792508e+01
8.175954915466501660e+00
5.996086412022543222e+00
8.602536005009392639e+00
6.610519724483406634e+00
1.802254226675015758e+01
2.060942391984971778e+01
1.226174076393237300e+01
1.799906073888540803e+01
1.333406386975579139e+01
5.553850970569818912e+00
4.399342517219786863e+00
2.236271133375077724e+01
1.196430807764558502e+01
8.148559799624292665e+00
1.273528490920475953e+01
1.124420788979336194e+01
7.134940513462741052e+00
7.291484032561051265e+00
9.013462742642454728e+00
8.359893550407011986e+00
1.469599248591108420e+01
1.254351909830932854e+01
1.332232310582341839e+01
9.060425798371946726e+00
1.179993738259235947e+01
1.878960551033187087e+01
1.780338134001252115e+01
8.383375078271759762e+00
1.017188478396994356e+01
7.013619286161552502e+00
1.338885410144019872e+01
1.737680025046962484e+01
1.348669380087664216e+01
9.929242329367564679e+00
1.265309956167814498e+01
1.019145272385723189e+01
9.044771446462117837e+00
1.895006261740763875e+01
7.526299311208514808e+00
7.890262993112084899e+00
1.392110206637445025e+01
8.653412648716344080e+00
1.204257983719473835e+01
1.158077645585472837e+01
5.909987476518472782e+00
5.972604884157796334e+00
9.678772698810270469e+00
7.420632435817156924e+00
9.040857858484656617e+00
9.577019411396367587e+00
2.086380713838446965e+01
1.212085159674389523e+01
7.831559173450219902e+00
5.526455854727615247e+00
9.338290544771446378e+00
1.187820914214151458e+01
8.575140889167188973e+00
1.457075767063243532e+01
6.978396994364433503e+00
1.504038822792736241e+01
1.822604884157795979e+01
5.651690670006260575e+00
1.113071383844708784e+01
1.655494677520350422e+01
1.930619912335629706e+01
1.446900438321853599e+01
8.027238572323105004e+00
3.186130244207889817e+00
6.086098935504069551e+00
5.577332498434564023e+00
9.005635566687539395e+00
1.064542892924233009e+01
7.150594865372573494e+00
1.444160926737633055e+01
1.831606136505948967e+01
8.837351283656857959e+00
5.686912961803381350e+00
5.440356919223543919e+00
5.217282404508452487e+00
2.365028177833437795e+01
2.027285535378835135e+01
9.310895428929240936e+00
3.178303068252974040e+00
1.317752035065748295e+01
5.616468378209141576e+00
1.799123356293049270e+01
1.355713838447088015e+01
1.154946775203506526e+01
8.680807764558547746e+00
3.698810269254852123e+00
3.460081402629930469e+00
1.183515967438947847e+01
1.495037570444583430e+01
1.426941139636818967e+01
1.104070131496555973e+01
8.817783343769567850e+00
1.547479649342517050e+01
8.164214151534125108e+00
1.024232936756418333e+01
9.389167188478394266e+00
1.949013775829680384e+01
7.076236693800877831e+00
1.355322479649342426e+01
1.529477144646211784e+01
4.156700062617407099e+00
9.847056981840950129e+00
6.571383844708829081e+00
1.517345021916092485e+01
1.131465247338760349e+01
1.945100187852222717e+01
6.892298058860362175e+00
1.398763306199123413e+01
2.008891671884783747e+01
1.557654978083907338e+01
1.244959298685034454e+01
9.659204758922980361e+00
9.091734502191608058e+00
7.902003757044457899e+00
5.405134627426424920e+00
1.851565435190983067e+01
1.105635566687539040e+01
1.119333124608641228e+01
1.062194740137758053e+01
4.559799624295554743e+00
1.291530995616781397e+01
1.091938008766437207e+01
8.332498434564808321e+00
1.374499060738885170e+01
1.012100814026299389e+01
7.976361928616156227e+00
6.915779586725109063e+00
1.443378209142141522e+01
7.232780212899185379e+00
8.128991859737006109e+00
1.419896681277394812e+01
1.102504696305572907e+01
1.259439574201627998e+01
7.784596117720725239e+00
7.236693800876643046e+00
4.129304946775204321e+00
1.998324984345648048e+01
9.146524733876017166e+00
2.255447714464621356e+01
1.188994990607388758e+01
8.485128365685659091e+00
4.927676894176580724e+00
8.935190983093299621e+00
4.278021289918597425e+00
1.588963681903569025e+01
1.206606136505948612e+01
8.336412022542267763e+00
2.201831559173449904e+01
4.207576706324358540e+00
4.892454602379461726e+00
2.202222917971196026e+01
7.592830306825297804e+00
1.003099561678146223e+01
9.487006887914841258e+00
1.561959924859110771e+01
6.997964934251722724e+00
3.244834063869755703e+00
8.712116468378209078e+00
6.469630557294927975e+00
1.410112711333750468e+01
1.949405134627426150e+01
8.829524107701942626e+00
1.188603631809643169e+01
1.494254852849092075e+01
1.770162805259862537e+01
1.688368816530995531e+01
5.013775829680650276e+00
6.962742642454601949e+00
9.373512836568567153e+00
1.499733876017532808e+01
1.422244834063869767e+01
1.383891671884783925e+01
5.002035065748278164e+00
5.326862867877269814e+00
8.786474639949906518e+00
8.669067000626174746e+00
1.692282404508453197e+01
7.107545397620537386e+00
2.148215403882279162e+01
9.236537257357545272e+00
1.180776455854727480e+01
7.988102692548527450e+00
1.425375704445835723e+01
3.460081402629930469e+00
1.325970569818409217e+01
1.152598622417031926e+01
1.160425798371947259e+01
6.270037570444583430e+00
9.428303068252972707e+00
1.421070757670632467e+01
1.111505948653725895e+01
1.246133375078271577e+01
1.614010644959298801e+01
2.529790231684408397e+01
1.213650594865372589e+01
1.610488415779586546e+01
5.890419536631183561e+00
5.737789605510331903e+00
1.319317470256731362e+01
1.451205385097056677e+01
7.404978083907325370e+00
1.164339386349405103e+01
7.412805259862241591e+00
1.049279899812147576e+01
4.301502817783343424e+00
7.076236693800875166e+00
5.557764558547275691e+00
1.037930494677520166e+01
7.209298685034439380e+00
1.378412648716343192e+01
9.443957420162803373e+00
1.138509705698183971e+01
1.228130870381966311e+01
7.788509705698183794e+00
1.242611145898559677e+01
1.781512210394489415e+01
1.019536631183468955e+01
5.616468378209141576e+00
1.005056355666875234e+01
6.383531621790857535e+00
8.168127739511582774e+00
1.001142767689417568e+01
9.373512836568565376e+00
1.519301815904821495e+01
8.622103944896680972e+00
1.465294301815904632e+01
1.495037570444583430e+01
9.389167188478397819e+00
6.594865372573575968e+00
2.213180964308077137e+01
7.408891671884783037e+00
1.197996242955541213e+01
9.506574827802129590e+00
1.080979962429555385e+01
9.937069505322478236e+00
1.063368816530995709e+01
2.342329367564182974e+01
8.817783343769567850e+00
1.902833437695679564e+01
2.440560425798371469e+01
1.020319348778960489e+01
1.424984345648089956e+01
2.055463368816531045e+01
1.169818409517846192e+01
1.115419536631183384e+01
9.588760175328738811e+00
1.306402629931120529e+01
1.304054477144646107e+01
9.095648090169067501e+00
1.248481527864746177e+01
1.349452097683155927e+01
1.232435817157169744e+01
6.223074514715090544e+00
8.958672510958045621e+00
1.035582341891045566e+01
1.699718221665623119e+01
9.686599874765182250e+00
1.369802755165936148e+01
2.117298058860362886e+01
6.414840325610519756e+00
8.903882279273638289e+00
1.007404508453349834e+01
1.380760801502817614e+01
1.929445835942391696e+01
7.498904195366312031e+00
8.219004383218534215e+00
1.523998121477770873e+01
1.155729492798998237e+01
1.006230432060112534e+01
9.760958046336879690e+00
8.978240450845333953e+00
1.102896055103318496e+01
9.698340638697558802e+00
1.839041953663118534e+01
1.741202254226675095e+01
1.131465247338759816e+01
9.522229179711958480e+00
9.013462742642454728e+00
1.182341891045710547e+01
1.257482780212898987e+01
7.518472135253599475e+00
1.430463368816531045e+01
1.696978710081402397e+01
1.037930494677520166e+01
1.537695679398872706e+01
2.038243581715716957e+01
9.573105823418909921e+00
1.023841577958672389e+01
7.228866624921726824e+00
2.007326236693800681e+01
6.559643080776456081e+00
1.084893550407012874e+01
7.428459611772071369e+00
1.154164057608014993e+01
2.143127739511583840e+01
1.709110832811521519e+01
1.563916718847839427e+01
1.130291170945522694e+01
1.309142141515341073e+01
7.549780839073261696e+00
2.271493425172197789e+01
1.585832811521602892e+01
1.088024420788979363e+01
5.651690670006261463e+00
1.139683782091421449e+01
7.017532874139009280e+00
7.628052598622417690e+00
5.585159674389480244e+00
2.253882279273637579e+01
2.531747025673137230e+01
1.507169693174702552e+01
1.337711333750782572e+01
1.142423293675641460e+01
6.747495303694426738e+00
9.784439574201627465e+00
8.172041327489042217e+00
7.765028177833437795e+00
1.155338134001252293e+01
8.770820288040074075e+00
1.064542892924232831e+01
1.140857858484658749e+01
8.250313087038197324e+00
1.059063869755791920e+01
1.327536005009392639e+01
1.944708829054476595e+01
6.172197871008140879e+00
1.323622417031934617e+01
9.541797119599246813e+00
8.982154038822793396e+00
8.023324984345645561e+00
1.390544771446461958e+01
8.923450219160926622e+00
8.536005009392608756e+00
1.650798371947401222e+01
8.629931120851598081e+00
2.148215403882279517e+01
1.677410770194114065e+01
1.207388854101440323e+01
1.380369442705072025e+01
1.061803381340012464e+01
1.442595491546649988e+01
1.460989355040700843e+01
1.229696305572949022e+01
4.931590482154037502e+00
9.561365059486535145e+00
9.353944896681275267e+00
6.770976831559174514e+00
9.749217282404508467e+00
7.095804633688164387e+00
9.310895428929240936e+00
6.767063243581714183e+00
7.244520976831559267e+00
9.749217282404506690e+00
9.295241077019408493e+00
1.696978710081402753e+01
4.892454602379461726e+00
1.234783969943644344e+01
1.027363807138384466e+01
6.751408891671883516e+00
8.637758296806511638e+00
1.062586098935503998e+01
1.052019411396368120e+01
6.559643080776456081e+00
1.257091421415153576e+01
1.238306199123356066e+01
1.360410144020037393e+01
9.506574827802129590e+00
1.032060112711334021e+01
7.960707576706323785e+00
9.381340012523480709e+00
1.510691922354414451e+01
8.841264871634312073e+00
1.653537883531621588e+01
1.393675641828428091e+01
9.929242329367564679e+00
7.933312460864120119e+00
1.399546023794614946e+01
1.083719474013775752e+01
1.227348152786474245e+01
1.385848465873512936e+01
1.655886036318096188e+01
1.108375078271759762e+01
1.006230432060112356e+01
1.125594865372573494e+01
2.022589229805885935e+01
5.319035691922353593e+00
1.072761427676894108e+01
1.077066374452097719e+01
9.162179085785849608e+00
1.658625547902316555e+01
6.113494051346274105e+00
1.597964934251721658e+01
1.220695053224796212e+01
5.843456480901690675e+00
1.756073888541014227e+01
4.555886036318096188e+00
1.578005635566687559e+01
9.436130244207891593e+00
1.272354414527238475e+01
1.918879148403255996e+01
1.345538509705698083e+01
1.493080776455854597e+01
7.902003757044458787e+00
1.352582968065122060e+01
2.015153412648716014e+01
9.870538509705697905e+00
1.369020037570444437e+01
9.850970569818407796e+00
1.048888541014401987e+01
6.363963681903568315e+00
9.514402003757043147e+00
1.282529743268628586e+01
3.385723231058233917e+00
1.019536631183468955e+01
