4.493749999999999467e+00
9.916666666666666075e+00
8.343750000000000000e+00
7.877083333333333215e+00
1.793750000000000178e+00
3.108333333333333393e+00
1.402499999999999858e+01
4.491666666666666252e+00
6.949999999999999289e+00
8.368749999999998579e+00
5.127083333333333215e+00
7.752083333333334991e+00
1.564375000000000071e+01
1.076041666666666607e+01
2.127499999999999858e+01
6.033333333333334103e+00
8.377083333333333215e+00
8.849999999999999645e+00
2.200000000000000178e+00
7.483333333333333393e+00
8.591666666666666785e+00
6.018750000000000711e+00
4.274999999999999467e+00
1.943749999999999867e+00
2.910416666666666430e+00
4.700000000000000178e+00
1.487708333333333144e+01
3.375000000000000000e+00
6.110416666666666607e+00
6.743749999999999467e+00
6.460416666666667140e+00
1.688333333333333286e+01
3.960416666666666696e+00
7.966666666666666785e+00
7.643749999999999822e+00
1.866666666666666696e+00
5.474999999999999645e+00
3.483333333333333393e+00
4.000000000000000000e+00
1.266666666666666829e+00
7.343750000000000888e+00
6.283333333333333215e+00
2.343749999999999556e+00
5.758333333333332860e+00
8.077083333333334281e+00
4.760416666666666963e+00
3.274999999999999911e+00
8.574999999999999289e+00
7.016666666666667496e+00
5.974999999999999645e+00
3.260416666666666963e+00
4.910416666666667318e+00
4.818749999999999645e+00
2.658333333333332771e+00
5.310416666666666785e+00
2.591666666666666785e+00
6.177083333333333925e+00
5.716666666666666785e+00
1.225000000000000089e+00
8.416666666666666075e+00
4.610416666666666607e+00
5.516666666666666607e+00
8.085416666666667140e+00
3.285416666666666430e+00
1.010416666666666741e+00
1.452708333333333179e+01
2.593749999999999556e+00
7.343750000000000000e+00
7.933333333333334458e+00
2.960416666666666696e+00
2.518749999999999822e+00
8.800000000000000711e+00
5.127083333333333215e+00
1.518750000000000044e+00
4.424999999999999822e+00
5.360416666666665719e+00
5.777083333333332682e+00
3.816666666666666874e+00
2.710416666666666696e+00
7.927083333333333037e+00
6.891666666666665719e+00
2.943750000000000089e+00
8.760416666666667851e+00
1.243749999999999911e+00
1.035000000000000142e+01
7.677083333333333925e+00
3.860416666666666607e+00
7.558333333333332682e+00
5.343750000000000000e+00
2.341666666666666785e+00
2.343750000000000000e+00
2.327083333333332948e+00
8.293750000000001066e+00
2.693750000000000089e+00
8.741666666666665364e+00
1.035833333333333250e+01
2.149999999999999911e+00
2.943750000000000089e+00
3.375000000000000444e+00
2.618749999999999911e+00
8.077083333333334281e+00
5.349999999999998757e+00
6.500000000000000000e+00
7.283333333333333215e+00
3.883333333333333304e+00
4.583333333333333925e+00
9.352083333333332860e+00
1.868749999999999911e+00
1.139374999999999893e+01
1.002500000000000213e+01
3.433333333333333570e+00
1.507708333333333428e+01
1.733333333333333171e+00
5.360416666666666607e+00
8.210416666666667140e+00
5.066666666666666430e+00
9.925000000000000711e+00
1.749999999999999778e+00
7.518750000000000711e+00
2.783333333333333659e+00
7.399999999999999467e+00
7.143749999999999822e+00
1.528541666666666643e+01
1.074166666666666536e+01
3.827083333333332948e+00
6.477083333333332860e+00
6.010416666666666075e+00
9.783333333333333215e+00
1.991666666666666696e+00
1.177083333333333481e+00
7.968750000000000000e+00
1.040833333333333144e+01
3.600000000000000089e+00
5.993750000000000355e+00
5.424999999999999822e+00
2.677083333333333481e+00
8.266666666666665719e+00
7.133333333333332860e+00
6.893749999999998934e+00
7.827083333333332504e+00
4.893749999999999822e+00
1.038333333333333286e+01
1.452500000000000036e+01
5.318749999999999645e+00
4.685416666666666785e+00
1.053541666666666643e+01
8.816666666666666430e+00
1.149999999999999911e+00
4.933333333333334458e+00
6.466666666666666785e+00
3.693750000000000089e+00
6.277083333333332682e+00
3.091666666666666785e+00
6.683333333333333570e+00
3.125000000000000444e+00
1.158333333333333437e+00
4.610416666666666607e+00
6.760416666666666075e+00
2.327083333333333393e+00
1.095833333333333393e+01
1.032708333333333428e+01
8.116666666666667140e+00
8.358333333333334281e+00
3.243750000000000355e+00
4.283333333333333215e+00
6.260416666666666963e+00
4.400000000000000355e+00
1.593750000000000000e+00
4.477083333333333748e+00
6.341666666666667673e+00
1.298541666666666572e+01
5.770833333333333925e-01
3.458333333333333037e+00
1.207708333333333250e+01
1.743749999999999911e+00
2.102083333333333748e+00
1.808333333333333126e+00
5.783333333333334103e+00
8.760416666666666075e+00
4.310416666666666785e+00
3.777083333333333126e+00
6.008333333333332860e+00
1.938333333333333286e+01
5.377083333333333215e+00
3.333333333333333481e+00
7.543750000000000178e+00
4.302083333333333925e+00
3.850000000000000089e+00
1.111041666666666750e+01
5.410416666666666430e+00
1.236041666666666750e+01
7.835416666666667140e+00
1.675000000000000000e+01
2.624999999999999556e+00
6.243749999999999467e+00
5.810416666666666785e+00
3.058333333333333126e+00
4.543749999999999289e+00
5.474999999999999645e+00
1.458333333333333481e+00
